% Figuras geometricas planas binarias (1 o 0)


X  = zeros(20, 20, 50);

% logo Bluetooth 
X(:,:,1) =[0 0 0 0 0 0 0 0 0 0 0 0 0 0 0 0 0 0 0 0;
           0 0 0 0 0 0 0 0 0 0 0 0 0 0 0 0 0 0 0 0;
           0 0 0 0 0 0 0 0 0 0 0 0 0 0 0 0 0 0 0 0;
           0 0 0 0 0 0 0 0 0 0 0 0 0 0 0 0 0 0 0 0;
           0 0 0 0 0 0 0 0 0 0 0 0 0 0 0 0 0 0 0 0;
           0 0 0 0 0 0 0 0 0 1 1 0 0 0 0 0 0 0 0 0;
           0 0 0 0 0 0 0 0 0 0 1 1 0 0 0 0 0 0 0 0;
           0 0 0 0 0 0 0 1 1 0 0 1 0 0 0 0 0 0 0 0;
           0 0 0 0 0 0 0 0 1 1 1 1 0 0 0 0 0 0 0 0;
           0 0 0 0 0 0 0 0 0 1 1 0 0 0 0 0 0 0 0 0;
           0 0 0 0 0 0 0 0 0 1 1 0 0 0 0 0 0 0 0 0;
           0 0 0 0 0 0 0 0 1 1 1 1 0 0 0 0 0 0 0 0;
           0 0 0 0 0 0 0 1 1 0 0 1 0 0 0 0 0 0 0 0;
           0 0 0 0 0 0 0 0 0 0 1 1 0 0 0 0 0 0 0 0;
           0 0 0 0 0 0 0 0 0 1 1 0 0 0 0 0 0 0 0 0;
           0 0 0 0 0 0 0 0 0 1 0 0 0 0 0 0 0 0 0 0;
           0 0 0 0 0 0 0 0 0 0 0 0 0 0 0 0 0 0 0 0;
           0 0 0 0 0 0 0 0 0 0 0 0 0 0 0 0 0 0 0 0;
           0 0 0 0 0 0 0 0 0 0 0 0 0 0 0 0 0 0 0 0;
           0 0 0 0 0 0 0 0 0 0 0 0 0 0 0 0 0 0 0 0;];

% logo C++
X(:,:,2) =  [
  0 0 0 0 0 0 0 0 0 1 1 0 0 0 0 0 0 0 0 0;
  0 0 0 0 0 0 0 1 1 1 1 1 1 0 0 0 0 0 0 0;
  0 0 0 0 0 1 1 1 1 1 1 1 1 1 1 0 0 0 0 0;
  0 0 0 1 1 1 1 1 1 1 1 1 1 1 1 1 1 0 0 0;
  0 1 1 1 1 1 1 1 0 0 0 0 0 1 1 1 1 1 1 0;
  1 1 1 1 1 1 0 0 0 0 0 0 0 0 1 1 1 1 1 1;
  1 1 1 1 1 0 0 0 0 0 0 0 0 0 0 0 1 1 1 1;
  1 1 1 1 0 0 0 0 1 1 1 1 0 0 0 1 1 1 1 1;
  1 1 1 1 0 0 0 1 1 1 1 1 1 1 1 1 1 1 1 1;
  1 1 1 1 0 0 0 1 1 1 1 1 1 1 1 1 1 0 1 1;
  1 1 1 0 0 0 0 1 1 1 1 1 1 1 1 1 1 0 1 1;
  1 1 1 1 0 0 0 1 1 1 1 1 1 1 1 1 1 1 1 1;
  1 1 1 1 0 0 0 0 1 1 1 1 0 0 0 1 1 1 1 1;
  1 1 1 1 1 0 0 0 0 0 0 0 0 0 0 1 1 1 1 1;
  1 1 1 1 1 1 0 0 0 0 0 0 0 0 1 1 1 1 1 1;
  0 1 1 1 1 1 1 1 0 0 0 0 1 1 1 1 1 1 1 0;
  0 0 0 1 1 1 1 1 1 1 1 1 1 1 1 1 1 0 0 0;
  0 0 0 0 0 1 1 1 1 1 1 1 1 1 1 0 0 0 0 0;
  0 0 0 0 0 0 0 1 1 1 1 1 1 0 0 0 0 0 0 0;
  0 0 0 0 0 0 0 0 0 1 1 0 0 0 0 0 0 0 0 0;
    ];
% logo chatgpt
X(:,:,3) = [
  0 0 0 0 0 0 0 0 0 0 0 0 0 0 0 0 0 0 0 0;
  0 0 0 0 0 0 0 0 0 0 0 0 0 0 0 0 0 0 0 0;
  0 0 0 0 0 0 0 0 0 1 0 0 0 0 0 0 0 0 0 0;
  0 0 0 0 0 0 0 1 1 1 1 1 0 0 0 0 0 0 0 0;
  0 0 0 0 0 0 1 0 0 0 1 1 1 1 1 0 0 0 0 0;
  0 0 0 0 0 1 1 0 0 1 1 0 0 0 0 1 0 0 0 0;
  0 0 0 1 1 1 0 0 1 0 0 1 1 0 0 1 1 0 0 0;
  0 0 0 1 0 1 0 0 0 0 1 0 0 1 1 1 1 0 0 0;
  0 0 0 1 0 1 0 0 1 0 0 1 0 0 0 1 1 0 0 0;
  0 0 0 1 0 1 0 0 0 0 0 0 1 1 0 0 1 0 0 0;
  0 0 0 1 0 0 1 1 0 0 0 0 0 0 1 0 1 0 0 0;
  0 0 0 1 1 0 0 0 1 0 0 1 0 0 1 0 1 0 0 0;
  0 0 0 1 1 1 1 0 0 1 0 0 0 0 1 0 1 0 0 0;
  0 0 0 1 1 0 0 1 1 0 0 1 0 0 1 1 1 0 0 0;
  0 0 0 0 1 0 0 0 0 1 1 0 0 1 1 0 0 0 0 0;
  0 0 0 0 0 1 1 1 1 1 0 0 0 1 0 0 0 0 0 0;
  0 0 0 0 0 0 0 0 1 1 1 1 1 0 0 0 0 0 0 0;
  0 0 0 0 0 0 0 0 0 0 1 0 0 0 0 0 0 0 0 0;
  0 0 0 0 0 0 0 0 0 0 0 0 0 0 0 0 0 0 0 0;
  0 0 0 0 0 0 0 0 0 0 0 0 0 0 0 0 0 0 0 0;
];
         
% Logo creeper
X(:,:,4) = [
  0 0 0 0 0 0 0 1 1 1 1 1 1 0 0 0 0 0 0 0;
  0 0 0 0 0 0 0 1 1 1 1 1 1 0 0 0 0 0 0 0;
  0 0 0 0 0 0 0 1 1 1 1 1 1 0 0 0 0 0 0 0;
  0 0 0 0 0 0 0 1 1 1 1 1 1 0 0 0 0 0 0 0;
  0 0 0 0 0 0 0 1 1 1 1 1 1 0 0 0 0 0 0 0;
  0 0 0 0 0 0 0 1 1 1 1 1 1 0 0 0 0 0 0 0;
  0 0 0 0 0 0 0 1 1 1 1 1 1 0 0 0 0 0 0 0;
  1 1 1 1 1 1 1 0 0 0 0 0 0 1 1 1 1 1 1 1;
  1 1 1 1 1 1 1 0 0 0 0 0 0 1 1 1 1 1 1 1;
  1 1 1 1 1 1 1 0 0 0 0 0 0 1 1 1 1 1 1 1;
  1 1 1 0 0 0 0 0 0 0 0 0 0 0 0 0 0 1 1 1;
  1 1 1 0 0 0 0 0 0 0 0 0 0 0 0 0 0 1 1 1;
  1 1 1 0 0 0 0 0 0 0 0 0 0 0 0 0 0 1 1 1;
  1 1 1 0 0 0 0 0 0 0 0 0 0 0 0 0 0 1 1 1;
  1 1 1 0 0 0 0 0 0 0 0 0 0 0 0 0 0 1 1 1;
  1 1 1 0 0 0 0 0 0 0 0 0 0 0 0 0 0 1 1 1;
  1 1 1 0 0 0 0 0 0 0 0 0 0 0 0 0 0 1 1 1;
  1 1 1 0 0 0 0 1 1 1 1 1 1 0 0 0 0 1 1 1;
  1 1 1 0 0 0 0 1 1 1 1 1 1 0 0 0 0 1 1 1;
  1 1 1 0 0 0 0 1 1 1 1 1 1 0 0 0 0 1 1 1;
];

% Logo de mario
X(:,:,5) = [
  0 0 0 0 0 0 0 0 0 0 0 0 0 0 0 0 0 0 0 0;
  0 0 0 0 0 0 0 1 1 1 1 1 1 0 0 0 0 0 0 0;
  0 0 0 0 0 1 1 1 1 1 1 1 1 1 1 0 0 0 0 0;
  0 0 0 0 1 1 1 1 1 1 1 1 1 1 1 1 0 0 0 0;
  0 0 0 1 1 1 1 1 1 1 1 1 1 1 1 1 1 0 0 0;
  0 0 1 1 1 1 1 0 1 1 1 1 0 1 1 1 1 1 0 0;
  0 0 1 1 1 1 0 0 0 1 1 0 0 0 1 1 1 1 0 0;
  0 1 1 1 1 1 0 0 0 0 0 0 0 0 1 1 1 1 1 0;
  0 1 1 1 1 0 0 0 0 0 0 0 0 0 0 1 1 1 1 0;
  0 1 1 1 1 0 0 1 1 0 0 1 1 0 0 1 1 1 1 0;
  0 1 1 1 0 0 0 1 1 0 0 1 1 0 0 0 1 1 1 0;
  0 1 1 1 0 0 0 1 1 1 1 1 1 0 0 0 1 1 1 0;
  0 1 1 1 0 0 1 1 1 1 1 1 1 1 0 0 1 1 1 0;
  0 0 1 1 1 0 1 1 1 1 1 1 1 1 0 1 1 1 0 0;
  0 0 1 1 1 1 1 1 1 1 1 1 1 1 1 1 1 1 0 0;
  0 0 0 1 1 1 1 1 1 1 1 1 1 1 1 1 1 0 0 0;
  0 0 0 0 1 1 1 1 1 1 1 1 1 1 1 1 0 0 0 0;
  0 0 0 0 0 1 1 1 1 1 1 1 1 1 1 0 0 0 0 0;
  0 0 0 0 0 0 0 1 1 1 1 1 1 0 0 0 0 0 0 0;
  0 0 0 0 0 0 0 0 0 0 0 0 0 0 0 0 0 0 0 0;
];
         
% Logo de python
X(:,:,6) = [
  0 0 0 0 0 0 0 1 1 1 1 1 1 0 0 0 0 0 0 0;
  0 0 0 0 0 0 1 1 1 1 1 1 1 1 0 0 0 0 0 0;
  0 0 0 0 0 0 1 0 1 1 1 1 1 1 0 0 0 0 0 0;
  0 0 0 0 0 0 1 0 1 1 1 1 1 1 0 0 0 0 0 0;
  0 0 0 0 0 0 1 1 1 1 1 1 1 1 0 0 0 0 0 0;
  0 0 0 0 0 0 0 0 0 0 1 1 1 1 0 1 1 1 1 0;
  0 1 1 1 1 1 1 1 1 1 1 1 1 1 0 1 1 1 1 0;
  0 1 1 1 1 1 1 1 1 1 1 1 1 1 0 1 1 1 1 1;
  1 1 1 1 1 1 1 1 1 1 1 1 1 1 0 1 1 1 1 1;
  1 1 1 1 1 1 1 1 1 1 1 1 1 0 1 1 1 1 1 1;
  1 1 1 1 1 1 0 1 1 1 1 1 1 1 1 1 1 1 1 1;
  1 1 1 1 1 0 1 1 1 1 1 1 1 1 1 1 1 1 1 1;
  1 1 1 1 1 0 1 1 1 1 1 1 1 1 1 1 1 1 1 1;
  0 1 1 1 1 0 1 1 1 1 1 1 1 1 1 1 1 1 1 0;
  0 1 1 1 1 0 1 1 1 1 0 0 0 0 0 0 0 0 0 0;
  0 0 0 0 0 0 1 1 1 1 1 1 1 1 0 0 0 0 0 0;
  0 0 0 0 0 0 1 1 1 1 1 1 0 1 0 0 0 0 0 0;
  0 0 0 0 0 0 1 1 1 1 1 1 0 1 0 0 0 0 0 0;
  0 0 0 0 0 0 1 1 1 1 1 1 1 1 0 0 0 0 0 0;
  0 0 0 0 0 0 0 1 1 1 1 1 1 0 0 0 0 0 0 0;
];
         
% Logo de Flash
X(:,:,7) = [ 0 0 0 0 0 0 0 0 0 0 0 0 0 0 0 0 0 0 0 0;
             0 0 0 0 0 0 0 0 0 0 0 0 0 0 0 0 0 0 0 0;
             0 0 0 0 0 0 0 0 1 1 1 1 0 0 0 0 0 0 0 0;
             0 0 0 0 0 0 1 1 1 1 1 1 0 0 1 0 0 0 0 0;
             0 0 0 0 0 1 1 1 0 0 0 0 0 1 0 0 0 0 0 0;
             0 0 0 0 1 1 0 0 0 0 0 0 1 0 0 1 1 0 0 0;
             0 0 0 1 1 0 0 0 0 0 1 1 1 0 0 1 1 0 0 0;
             0 0 0 1 1 0 0 0 0 1 1 1 1 1 0 0 1 1 0 0;
             0 0 1 1 0 0 0 0 0 1 1 1 1 0 0 0 1 1 0 0;
             0 0 1 1 0 0 0 0 0 0 1 1 0 0 0 0 1 1 0 0;
             0 0 1 1 0 0 0 0 0 1 1 0 0 0 0 0 1 1 0 0;
             0 0 1 1 0 0 0 0 1 1 1 1 1 0 0 0 1 1 0 0;
             0 0 1 1 0 0 0 1 1 1 1 1 0 0 0 0 1 1 0 0;
             0 0 0 1 1 0 0 0 1 1 0 0 0 0 0 0 1 1 0 0;
             0 0 0 1 1 0 0 0 1 0 0 0 0 0 0 1 1 0 0 0;
             0 0 0 0 1 0 0 1 0 0 0 0 0 0 1 1 0 0 0 0;
             0 0 0 0 0 0 1 0 0 1 1 1 1 1 1 0 0 0 0 0;
             0 0 0 0 0 0 0 0 1 1 1 1 1 1 0 0 0 0 0 0;
             0 0 0 0 0 0 0 0 0 0 0 0 0 0 0 0 0 0 0 0;
             0 0 0 0 0 0 0 0 0 0 0 0 0 0 0 0 0 0 0 0; ];

% Pokebola
